1167,8
1167,7
1167,6
1167,3
1167,2
1167,1
1167,0
1166,4
1166,3
1166,2
1166,1
1166,0
1165,5
1165,3
1165,2
1165,1
1165,0
1164,7
1164,6
1164,5
1164,3
1164,2
1164,1
1164,0
1163,13
1163,12
1163,11
1163,10
1163,9
1163,8
1163,7
1163,3
1163,2
1163,1
1163,0
1162,7
1162,6
1162,4
1162,3
1162,2
1162,1
1162,0
1161,5
1161,4
1161,3
1161,2
1161,1
1161,0
1160,4
1160,3
1160,2
1160,1
1160,0
1159,4
1159,3
1159,2
1159,1
1159,0
1158,4
1158,3
1158,2
1158,1
1158,0
1157,4
1157,3
1157,2
1157,1
1157,0
1156,4
1156,3
1156,2
1156,1
1156,0
1155,4
1155,3
1155,2
1155,1
1155,0
36,4
36,3
36,2
36,1
36,0
35,8
35,7
35,6
35,5
35,4
35,3
35,2
35,1
35,0
34,6
34,5
34,4
34,3
34,2
34,1
34,0
33,6
33,5
33,4
33,3
33,2
33,1
33,0
31,10
31,9
31,8
31,7
31,6
31,5
31,4
31,3
31,2
31,1
31,0
24,9
24,5
24,3
24,2
24,1
24,0
19,5
19,4
19,3
19,2
19,1
19,0
17,5
17,4
17,3
17,2
17,1
17,0
14,7
14,6
14,4
14,3
14,2
14,1
14,0
13,5
13,4
13,3
13,2
13,1
13,0
12,5
12,4
12,3
12,2
12,1
12,0
10,6
10,5
10,4
10,3
10,2
10,1
10,0
9,5
9,4
9,3
9,2
9,1
9,0
8,3
8,2
8,1
8,0
7,3
5,6
5,5
5,4
5,3
5,2
5,0
4,3
3,2
2,2
1,2
0,51
0,9
0,2
1,45
3,44
2,44
1,44
3,43
2,43
1,43
3,42
2,42
1,42
3,41
2,41
1,41
3,40
2,40
1,40
3,39
2,39
1,39
3,38
2,38
1,38
3,37
2,37
1,37
3,36
2,36
1,36
3,35
2,35
1,35
3,34
2,34
1,34
3,33
2,33
1,33
3,32
2,32
1,32
3,31
2,31
1,31
3,30
2,30
1,30
3,29
2,29
1,29
3,28
2,28
1,28
3,27
2,27
1,27
3,26
2,26
1,26
3,25
2,25
1,25
3,24
2,24
1,24
3,23
2,23
1,23
3,22
2,22
1,22
3,21
2,21
1,21
3,20
2,20
1,20
3,19
2,19
1,19
3,18
2,18
1,18
3,17
2,17
1,17
3,16
2,16
1,16
3,15
2,15
1,15
3,14
2,14
1,14
3,13
2,13
1,13
3,12
2,12
1,12
3,11
2,11
1,11
3,10
2,10
1,10
3,9
2,9
1,9
3,8
2,8
1,8
3,7
2,7
1,7
3,6
2,6
1,6
3,5
2,5
1,5
3,4
2,4
1,4
3,3
3,0
2,3
2,0
1,3
1,0
0,6
0,0
0,47
0,46
0,49
0,48
0,45
0,12
0,50
0,10
0,8
0,11
0,5
0,7
0,4
0,3
